v1,v2,v3,v4,v5,v6,row_id
.0062878686013662,-.0044843473613221,.0217956602540089,-.0013732230119769,-.0004487833155035,.0000256146784292,1
-.0044843473613221,.0053400463535187,-.0100623708068475,.0007782041246732,.0003650213382127,-.0002461478008739,2
.0217956602540089,-.0100623708068475,.1576523998754138,-.0064675785305788,-.0005206160989636,-.0001569441857951,3
-.0013732230119769,.0007782041246732,-.0064675785305788,.0010907804282397,.0000596489444446,.0000138904774682,4
-.0004487833155035,.0003650213382127,-.0005206160989636,.0000596489444446,.0007676377586871,-.0005483680227162,5
.0000256146784292,-.0002461478008739,-.0001569441857951,.0000138904774682,-.0005483680227162,.0083621940067054,6
